image: carter_sidewalk.png
mode: trinary
resolution: 0.05
origin: [-100.8750015258789, -100.8750015258789, 0.0000]
negate: 0
occupied_thresh: 0.65
free_thresh: 0.196
